0.000000000000,0.000000000000
0.031250000000,0.000000000000
0.022097086912,0.022097086912
0.000000000000,0.031250000000
-0.022097086912,0.022097086912
-0.031250000000,0.000000000000
-0.022097086912,-0.022097086912
-0.000000000000,-0.031250000000
0.022097086912,-0.022097086912
0.062500000000,0.000000000000
0.044194173824,0.044194173824
0.000000000000,0.062500000000
-0.044194173824,0.044194173824
-0.062500000000,0.000000000000
-0.044194173824,-0.044194173824
-0.000000000000,-0.062500000000
0.044194173824,-0.044194173824
0.093750000000,0.000000000000
0.066291260736,0.066291260736
0.000000000000,0.093750000000
-0.066291260736,0.066291260736
-0.093750000000,0.000000000000
-0.066291260736,-0.066291260736
-0.000000000000,-0.093750000000
0.066291260736,-0.066291260736
0.125000000000,0.000000000000
0.088388347648,0.088388347648
0.000000000000,0.125000000000
-0.088388347648,0.088388347648
-0.125000000000,0.000000000000
-0.088388347648,-0.088388347648
-0.000000000000,-0.125000000000
0.088388347648,-0.088388347648
0.156250000000,0.000000000000
0.110485434560,0.110485434560
0.000000000000,0.156250000000
-0.110485434560,0.110485434560
-0.156250000000,0.000000000000
-0.110485434560,-0.110485434560
-0.000000000000,-0.156250000000
0.110485434560,-0.110485434560
0.187500000000,0.000000000000
0.132582521472,0.132582521472
0.000000000000,0.187500000000
-0.132582521472,0.132582521472
-0.187500000000,0.000000000000
-0.132582521472,-0.132582521472
-0.000000000000,-0.187500000000
0.132582521472,-0.132582521472
0.218750000000,0.000000000000
0.154679608385,0.154679608385
0.000000000000,0.218750000000
-0.154679608385,0.154679608385
-0.218750000000,0.000000000000
-0.154679608385,-0.154679608385
-0.000000000000,-0.218750000000
0.154679608385,-0.154679608385
0.250000000000,0.000000000000
0.176776695297,0.176776695297
0.000000000000,0.250000000000
-0.176776695297,0.176776695297
-0.250000000000,0.000000000000
-0.176776695297,-0.176776695297
-0.000000000000,-0.250000000000
0.176776695297,-0.176776695297
0.281250000000,0.000000000000
0.198873782209,0.198873782209
0.000000000000,0.281250000000
-0.198873782209,0.198873782209
-0.281250000000,0.000000000000
-0.198873782209,-0.198873782209
-0.000000000000,-0.281250000000
0.198873782209,-0.198873782209
0.312500000000,0.000000000000
0.220970869121,0.220970869121
0.000000000000,0.312500000000
-0.220970869121,0.220970869121
-0.312500000000,0.000000000000
-0.220970869121,-0.220970869121
-0.000000000000,-0.312500000000
0.220970869121,-0.220970869121
0.343750000000,0.000000000000
0.243067956033,0.243067956033
0.000000000000,0.343750000000
-0.243067956033,0.243067956033
-0.343750000000,0.000000000000
-0.243067956033,-0.243067956033
-0.000000000000,-0.343750000000
0.243067956033,-0.243067956033
0.375000000000,0.000000000000
0.265165042945,0.265165042945
0.000000000000,0.375000000000
-0.265165042945,0.265165042945
-0.375000000000,0.000000000000
-0.265165042945,-0.265165042945
-0.000000000000,-0.375000000000
0.265165042945,-0.265165042945
0.406250000000,0.000000000000
0.287262129857,0.287262129857
0.000000000000,0.406250000000
-0.287262129857,0.287262129857
-0.406250000000,0.000000000000
-0.287262129857,-0.287262129857
-0.000000000000,-0.406250000000
0.287262129857,-0.287262129857
0.437500000000,0.000000000000
0.309359216769,0.309359216769
0.000000000000,0.437500000000
-0.309359216769,0.309359216769
-0.437500000000,0.000000000000
-0.309359216769,-0.309359216769
-0.000000000000,-0.437500000000
0.309359216769,-0.309359216769
0.468750000000,0.000000000000
0.331456303681,0.331456303681
0.000000000000,0.468750000000
-0.331456303681,0.331456303681
-0.468750000000,0.000000000000
-0.331456303681,-0.331456303681
-0.000000000000,-0.468750000000
0.331456303681,-0.331456303681
0.500000000000,0.000000000000
0.353553390593,0.353553390593
0.000000000000,0.500000000000
-0.353553390593,0.353553390593
-0.500000000000,0.000000000000
-0.353553390593,-0.353553390593
-0.000000000000,-0.500000000000
0.353553390593,-0.353553390593
0.531250000000,0.000000000000
0.375650477505,0.375650477505
0.000000000000,0.531250000000
-0.375650477505,0.375650477505
-0.531250000000,0.000000000000
-0.375650477505,-0.375650477505
-0.000000000000,-0.531250000000
0.375650477505,-0.375650477505
0.562500000000,0.000000000000
0.397747564417,0.397747564417
0.000000000000,0.562500000000
-0.397747564417,0.397747564417
-0.562500000000,0.000000000000
-0.397747564417,-0.397747564417
-0.000000000000,-0.562500000000
0.397747564417,-0.397747564417
0.593750000000,0.000000000000
0.419844651330,0.419844651330
0.000000000000,0.593750000000
-0.419844651330,0.419844651330
-0.593750000000,0.000000000000
-0.419844651330,-0.419844651330
-0.000000000000,-0.593750000000
0.419844651330,-0.419844651330
0.625000000000,0.000000000000
0.441941738242,0.441941738242
0.000000000000,0.625000000000
-0.441941738242,0.441941738242
-0.625000000000,0.000000000000
-0.441941738242,-0.441941738242
-0.000000000000,-0.625000000000
0.441941738242,-0.441941738242
0.656250000000,0.000000000000
0.464038825154,0.464038825154
0.000000000000,0.656250000000
-0.464038825154,0.464038825154
-0.656250000000,0.000000000000
-0.464038825154,-0.464038825154
-0.000000000000,-0.656250000000
0.464038825154,-0.464038825154
0.687500000000,0.000000000000
0.486135912066,0.486135912066
0.000000000000,0.687500000000
-0.486135912066,0.486135912066
-0.687500000000,0.000000000000
-0.486135912066,-0.486135912066
-0.000000000000,-0.687500000000
0.486135912066,-0.486135912066
0.718750000000,0.000000000000
0.508232998978,0.508232998978
0.000000000000,0.718750000000
-0.508232998978,0.508232998978
-0.718750000000,0.000000000000
-0.508232998978,-0.508232998978
-0.000000000000,-0.718750000000
0.508232998978,-0.508232998978
0.750000000000,0.000000000000
0.530330085890,0.530330085890
0.000000000000,0.750000000000
-0.530330085890,0.530330085890
-0.750000000000,0.000000000000
-0.530330085890,-0.530330085890
-0.000000000000,-0.750000000000
0.530330085890,-0.530330085890
0.781250000000,0.000000000000
0.552427172802,0.552427172802
0.000000000000,0.781250000000
-0.552427172802,0.552427172802
-0.781250000000,0.000000000000
-0.552427172802,-0.552427172802
-0.000000000000,-0.781250000000
0.552427172802,-0.552427172802
0.812500000000,0.000000000000
0.574524259714,0.574524259714
0.000000000000,0.812500000000
-0.574524259714,0.574524259714
-0.812500000000,0.000000000000
-0.574524259714,-0.574524259714
-0.000000000000,-0.812500000000
0.574524259714,-0.574524259714
0.843750000000,0.000000000000
0.596621346626,0.596621346626
0.000000000000,0.843750000000
-0.596621346626,0.596621346626
-0.843750000000,0.000000000000
-0.596621346626,-0.596621346626
-0.000000000000,-0.843750000000
0.596621346626,-0.596621346626
0.875000000000,0.000000000000
0.618718433538,0.618718433538
0.000000000000,0.875000000000
-0.618718433538,0.618718433538
-0.875000000000,0.000000000000
-0.618718433538,-0.618718433538
-0.000000000000,-0.875000000000
0.618718433538,-0.618718433538
0.906250000000,0.000000000000
0.640815520450,0.640815520450
0.000000000000,0.906250000000
-0.640815520450,0.640815520450
-0.906250000000,0.000000000000
-0.640815520450,-0.640815520450
-0.000000000000,-0.906250000000
0.640815520450,-0.640815520450
0.937500000000,0.000000000000
0.662912607362,0.662912607362
0.000000000000,0.937500000000
-0.662912607362,0.662912607362
-0.937500000000,0.000000000000
-0.662912607362,-0.662912607362
-0.000000000000,-0.937500000000
0.662912607362,-0.662912607362
0.968750000000,0.000000000000
0.685009694274,0.685009694274
0.000000000000,0.968750000000
-0.685009694274,0.685009694274
-0.968750000000,0.000000000000
-0.685009694274,-0.685009694274
-0.000000000000,-0.968750000000
0.685009694274,-0.685009694274
1.000000000000,0.000000000000
0.707106781187,0.707106781187
0.000000000000,1.000000000000
-0.707106781187,0.707106781187
-1.000000000000,0.000000000000
-0.707106781187,-0.707106781187
-0.000000000000,-1.000000000000
0.707106781187,-0.707106781187
